image: karto.pgm
resolution: 0.025000
origin: [-5.255450, -8.439949, 0.000000]
negate: 0
occupied_thresh: 0.65
free_thresh: 0.196

